167355
182028
193738
42
175914
247763
264220
230802
191189
187645
205059
284378
115746
220308
146021
167791
62219
84876
161936
126163
229853
342942
157354
173346
93
55690
37111
171623
251247
170216
276025
324856
3076
161533
120677
177736
285774
266507
233078
295947
124742
236457
73439
96848
244521
122515
40834
72125
255984
182874
170042
12333
221107
256960
521
125153
180263
110327
28720
199792
2651
216132
169786
25613
162886
68448
159675
205637
192135
172386
200680
284083
266192
224517
102794
121921
209010
28143
266810
124361
316554
12493
164928
201808
291457
203993
185343
237182
184267
164153
35677
269385
246900
174430
312484
225694
18602
183394
31260
314040
233398
30549
224037
283948
182631
221194
199561
242302
308765
279537
14105
266524
148949
10630
262712
77423
17133
123260
163412
233371
265188
249259
147020
104006
178900
189932
132531
281259
215
274364
155426
82222
39463
306735
198928
25021
128882
341169
70149
127023
254640
463
21050
822
188920
103343
150376
271324
209418
146886
188
31627
196340
144733
163068
91
146652
43111
218417
171131
283155
9609
175640
34635
103885
54043
287954
36218
104162
217372
231733
2511
256916
4098
296151
317985
118048
268864
253344
220877
175155
14996
126042
161970
233867
148228
283355
102680
244522
12
172287
155821
223321
205896
43015
263918
282524
328871
195421
245638
19857
235802
176189
22545
20551
48726
555
169426
128621
40692
27708
172081
232832
204583
187617
176494
146439
239188
193037
318977
59294
234
92828
54998
227789
172818
209685
38453
3
294484
286096
155873
143693
198994
136888
302723
9216
194655
181279
421
188834
304783
203420
246784
46213
13122
9209
144344
2655
129622
257499
146508
156129
108745
224783
176734
154203
329082
274637
293014
19777
192291
260605
109276
269207
54
129437
160477
66589
295486
241451
223040
155068
300531
140620
158600
232405
228341
300322
199478
285967
7854
31481
271055
24181
97207
140934
139976
222509
54138
165722
760
127060
118
27833
271896
93260
163967
227224
206718
265736
21241
25292
166669
40765
39856
151347
156546
37046
77130
5
311193
24480
234277
198773
260428
100901
1
251658
63628
128271
70919
243
246684
195539
184921
41114
34219
92415
70323
285192
229220
15987
50
47
155987
219513
192458
291572
215341
304420
204305
172
245934
66188
270633
199042
372
39683
71
297030
119890
27162
40354
36932
111341
176920
128671
234487
121
194594
256226
230253
101721
17392
161614
25554
55670
45315
186751
33160
181304
215311
236191
124708
298047
8217
170771
188866
59959
314491
163745
246192
244711
182134
21348
250458
269210
54625
244271
245655
63888
9217
270844
31594
2653
154809
90137
138161
144592
150145
297562
119506
127398
301880
146791
202426
171
171668
875
105551
125618
97786
269144
66362
191862
98778
256952
316377
15985
177639
318084
277085
133473
105134
9674
180974
226522
13
18
193042
221965
79828
156009
96913
12942
136063
245654
258210
21790
90419
43570
102652
197376
17405
319966
31999
128996
163968
157969
144189
144797
158899
156858
256730
290236
264241
147949
150
176396
232414
298069
162082
11
25417
62227
318184
478
233312
206941
11170
58421
192153
83330
17226
205398
18833
262543
36553
133848
310873
15062
194607
274960
95527
142379
150658
20437
262215
62222
123123
712
169427
274638
293141
65781
240196
262211
5404
137408
42215
119432
39938
42776
252328
15363
3685
155703
27746
97842
247367
143519
24508
163166
150997
256680
153938
84419
22827
6472
46
5782
245961
128780
205359
193949
141572
13004
10547
31730
117959
299659
34119
183562
239942
28023
151022
140603
37904
284742
224710
174785
135219
42052
198953
220
21763
196326
260180
6249
257501
9625
50750
130960
27173
107529
503
1513
111799
270673
175095
121288
133038
264055
181530
91312
172308
4390
121408
160010
3201
180511
58281
170561
269511
284435
113924
2346
169255
131357
232043
212445
475
73171
1353
30869
248490
283393
216734
39351
218603
266121
303057
206480
183251
216600
159508
192836
209778
265402
233247
552
135779
168435
203416
156943
171499
22345
116998
36235
232219
213893
193558
322708
2955
323612
170624
155624
72321
143741
339789
226320
227935
43528
137988
9823
306040
65532
271518
179803
296912
123540
30380
3307
20100
162007
71721
241724
143515
162286
47185
432
165401
190082
15364
167400
200147
220520
160495
699
183840
29603
249381
20963
132018
483
266830
87890
2398
231581
154825
70512
146278
88
332800
173064
168584
163839
181521
134726
68425
69789
2163
258036
126792
55600
343905
214880
244115
31563
255692
21882
7717
113294
290359
156336
242574
586
270970
242639
214887
192457
153016
173442
284760
201825
256382
244228
73761
100423
139898
148575
197443
252153
220517
177590
176165
161417
300300
244608
1041
2453
281442
181687
28181
12891
94
180593
11825
198830
156566
195137
218121
158889
244992
256570
217780
170416
256999
318182
53953
26997
300877
279613
179172
218074
204516
41
12902
91872
301255
16747
131287
41002
103886
122298
230244
18098
169654
8125
12002
315767
24800
15512
117915
171273
30957
160499
35570
218333
179275
163602
110277
194879
244114
38996
234671
280480
191051
30645
340466
119788
528
283863
177678
202670
1035
113997
177478
51
166384
329839
293296
283864
203417
45
79127
295374
137269
218479
158435
65244
175117
251678
204472
224597
155362
40628
12962
145659
193214
191977
38054
266164
9440
329465
8051
286751
112
160851
41066
95064
156689
37380
29368
554
106217
338834
264052
26990
216459
245643
276498
244331
292375
173
242804
56692
125678
276182
280794
238992
491
1465
196526
284777
129948
2181
27976
82421
66356
904
273330
201921
19600
82420
219215
131260
25669
108906
239464
202408
171669
148319
275467
285984
235488
199966
299047
98229
13642
254386
214029
65901
203427
210296
66505
52461
2093
256788
198740
240
27588
207830
147151
248065
227460
132028
91514
174570
59946
98351
151004
26566
154458
272738
108784
212402
298065
154086
1345
234477
197405
228328
267319
195560
223953
172047
207243
169124
131646
191300
60
294612
161866
218509
163154
122522
231218
141517
165838
1822
45986
157403
180680
156776
1301
40793
241266
325635
168917
272739
182340
22825
6830
130176
164949
291508
1382
104710
157809
258779
227515
204027
200077
346703
318009
127518
89409
336382
239472
310100
291453
153065
217449
85897
279254
253284
75449
277700
23540
242684
270971
177524
72287
230080
306881
150999
222514
35497
284818
15817
224
244654
171233
148729
229892
217861
25568
158275
233262
200954
939
191231
245487
326494
69779
136991
72225
66056
35052
296237
178336
8203
97903
55427
195314
270314
198454
161882
228504
18100
262941
208024
104363
160018
253499
207691
823
185589
